nServices=200;
nBuses=100;
nDrivers=100;
time_start=[743 578 780 102 903 825 453 660 1122 301 1117 691 830 145 997 963 402 234 90 300 976 250 374 366 0 779 285 756 826 237 1113 357 883 172 344 790 1111 276 41 410 604 362 462 564 1009 991 509 65 78 1098 989 752 27 307 1143 169 375 654 260 118 680 970 923 277 355 925 416 267 1084 124 1027 147 188 319 1063 177 573 933 489 1043 67 500 122 773 501 1129 973 613 1088 134 872 1061 575 747 355 936 700 613 444 983 900 158 731 934 1166 507 773 766 70 718 461 1098 48 1018 52 357 647 310 805 1078 531 9 411 969 1080 758 842 1164 64 1112 206 1064 291 447 22 1105 1114 83 79 651 338 1078 1173 948 1162 595 1114 443 534 402 64 438 444 155 480 867 373 974 722 580 712 835 419 293 548 682 1002 50 646 225 850 1121 64 263 711 668 101 730 549 35 828 1131 907 285 611 200 460 1102 344 597 380 960 813 518 885 1088 606 39 813 864];
duration_min=[79 28 195 99 65 88 52 29 72 112 7 25 185 13 108 168 61 31 132 90 71 82 172 77 6 43 179 131 68 87 156 98 92 186 115 22 27 20 123 109 184 5 185 190 50 188 85 102 173 134 51 100 104 149 103 109 114 62 171 178 109 116 131 27 110 85 165 84 85 22 166 102 82 91 57 22 34 158 177 199 158 177 128 181 50 93 40 164 58 171 32 105 128 189 146 149 91 70 83 38 106 89 76 122 67 75 9 87 30 154 56 85 45 160 143 35 147 160 145 186 111 26 116 100 130 172 27 16 38 133 78 60 173 80 32 166 17 16 84 70 41 194 155 141 52 91 109 31 158 65 46 185 52 122 31 43 110 150 95 174 59 136 21 103 34 146 178 38 170 165 134 13 63 10 172 188 105 120 153 137 19 174 33 102 36 157 52 169 140 190 155 107 84 94 188 166 107 119 150 155];
duration_km=[14 15 5 2 12 15 9 2 5 17 10 15 8 19 18 9 8 4 19 14 12 1 15 15 12 17 11 19 7 10 18 13 15 5 12 8 7 18 14 2 10 16 17 15 17 14 11 18 15 14 5 14 5 11 4 17 18 11 11 14 2 11 11 3 11 6 4 9 18 16 10 13 9 16 1 15 3 2 12 3 12 19 3 9 2 10 11 7 10 3 13 10 5 8 11 6 5 16 4 17 18 19 11 15 11 7 7 15 5 4 1 18 18 15 18 4 8 6 9 5 1 8 15 6 8 7 6 11 11 6 13 4 17 18 11 6 2 10 3 9 18 1 5 19 17 18 2 1 11 11 10 5 19 11 5 10 8 3 4 14 19 10 18 1 10 2 13 7 17 3 19 4 8 8 13 13 14 8 6 5 10 7 7 9 18 10 4 15 17 4 13 7 16 6 7 15 13 1 6 1];
nPassengers=[7 10 44 3 20 5 19 8 1 2 4 11 4 8 29 0 4 8 16 12 5 17 4 26 11 4 7 33 5 50 1 9 12 19 5 7 11 2 20 28 3 8 7 11 7 5 4 26 0 9 19 28 32 7 16 10 6 2 5 0 4 4 1 2 11 22 1 22 7 5 20 2 15 22 13 1 6 1 2 15 2 22 6 3 6 16 11 8 19 18 1 1 20 22 20 19 13 7 1 0 3 1 7 8 8 10 0 9 15 16 10 0 9 1 12 15 9 5 24 19 27 3 0 26 30 6 0 12 15 9 4 0 7 2 7 20 2 38 14 1 22 31 3 1 9 5 2 4 13 1 6 0 0 26 3 9 11 9 0 8 7 7 4 6 15 3 4 0 0 19 10 4 25 11 6 0 2 0 11 6 4 19 0 18 13 11 2 6 3 11 6 11 6 2 4 3 18 0 4 2];
cap_b=[39 41 50 35 42 31 29 50 41 41 46 25 48 32 34 29 47 27 27 43 28 44 44 35 26 36 26 49 37 31 45 40 48 25 25 25 43 29 29 41 37 40 43 25 35 32 50 45 33 43 46 43 26 39 45 34 39 39 33 40 48 33 40 45 43 27 29 37 37 29 50 31 37 36 26 28 32 38 31 27 48 35 50 48 46 32 48 42 37 32 27 42 39 34 33 38 28 31 36 34];
euros_min_b=[10.3783802263 10.2418614984 13.693626195 14.6533331618 10.7609155957 11.5352822113 11.572874652 11.3189915227 14.6481663937 13.7497702193 11.7486361105 13.4981402078 12.7724883631 10.0989218068 14.5740452268 13.4146741502 13.7388380728 11.8421046053 13.3644822723 14.640319636 10.8294178738 13.8616060897 12.8696350126 11.6519308523 14.3679422944 11.1240469574 13.4476840109 14.9639569113 11.4352091785 11.057927147 13.70921736 11.6664450214 13.5464287587 14.942774544 14.6185856428 11.5991553399 11.5322018949 12.0189807547 14.1729565311 14.6056261042 13.7224733436 13.2412316786 14.0250050199 14.9789103255 10.3249658722 11.2013622302 12.4719202377 11.0457797859 11.4307728747 14.8437620101 13.4062714509 10.66465941 12.7758949284 10.4424235466 10.3482691441 12.5839311362 10.8429850962 11.4372964826 10.6392286497 14.8467482451 10.5785971061 10.2612535696 11.7764192071 12.9038460151 10.6414982937 11.5872369085 13.5094527383 13.3224080103 11.6866701701 10.4713667804 14.0416123819 14.1561881047 10.9931859052 10.056485152 10.0568540767 14.1524850197 10.7834783317 11.201544244 12.7020065698 13.2061539635 14.0643653731 11.9526211713 14.7331650408 10.9228275203 11.6973675122 10.8584778696 14.5314216634 14.5922583327 14.9148115724 10.3859047724 11.9143505673 11.7958120131 14.9338411076 12.0501763318 10.6257714715 13.8715730971 10.6902532017 12.4843041831 12.6337264497 14.203548296];
euros_km_b=[10.9639165007 11.3993320271 10.3691034187 10.1021616731 10.6877390606 11.8474759145 11.2054901456 10.9559275337 10.6713972368 10.8019792873 10.8486732059 10.6510905738 10.008338807 11.6842210417 10.8171580867 10.6888205017 10.3907833719 10.3105616052 10.3800763912 11.865920132 11.9976304823 10.0441631212 11.5284844874 10.1338108197 11.8035694824 10.3644435491 11.0410276539 11.4177689688 11.2781897896 11.4892020094 10.0604613995 10.3442436966 10.3436993798 11.5163390078 10.4916484328 10.4236442225 11.2530415646 11.1449565417 10.5452798867 10.4299390424 10.7911060693 11.7286644672 10.0287727398 11.5001100129 11.8317826375 11.0312616906 11.2527532046 11.9173123888 10.9211668639 11.6260771698 11.9186187696 10.1507057808 11.9521758128 11.1002657932 10.0298552336 10.077651544 10.1255414496 10.4268189254 11.3018323867 11.4243610026 11.8186331905 10.77397495 11.5595322946 11.2129748358 10.0806302586 11.6061923153 10.4473523703 10.3591784124 10.0456934212 10.1990744171 11.2693668989 10.3877783056 10.8422381977 10.2651458697 11.2179235233 10.6723794042 11.4607705329 11.5332606987 11.4458586925 10.1378936785 10.5913707283 10.6965300386 10.3215505658 11.99726974 10.0166998432 10.9049465905 11.6274726376 10.7553152583 10.7651830054 10.6073062848 10.1607467747 11.4688421492 10.0514013062 10.412425565 10.7539260791 10.8586099099 10.6203252583 10.6545127423 11.8593174957 10.2892560738];
maxBuses=70;
max_d=[291 343 447 302 264 404 256 362 387 245 461 247 454 313 301 455 466 341 385 360 250 290 424 345 281 419 464 403 281 369 437 471 375 443 426 357 361 291 251 438 240 444 334 455 467 267 363 300 419 245 311 276 247 248 284 477 380 244 252 287 240 240 277 399 255 430 288 418 424 382 283 447 443 352 354 250 289 455 356 302 309 288 377 252 350 475 420 336 319 321 372 278 294 432 301 411 278 281 294 341];
CBM=0;
CEM=0;
BM=480;
